GPS_X	|	GPS_Y		|	Euler_phi		|	Euler_psi		|	Euler_theta	|	Acc_forward	|	Acc_sideways	|	Acc_up	|	Gyro 1	|	Gyro 2	|	Gyro 3	|	Mag_forward	|	Mag_sideways	|	Mag_up	|	Music_Track
286.0	|	324.0	|	-4.57910989	|	-1.296078063	|	-18.18167046	|	-0.752	|	0.028	|	1.206	|	8.677	|	-45.239	|	-45.239	|	0.971	|	-0.002	|	0.085	|	0.0
289.0	|	325.0	|	-4.501894645	|	-1.413684195	|	-18.29291761	|	-0.708	|	-0.03	|	1.267	|	18.795	|	-37.09	|	-37.09	|	0.95	|	0.013	|	0.115	|	0.0
300.0	|	326.0	|	-4.39457963	|	-1.522495016	|	-18.39616107	|	-0.673	|	-0.065	|	1.23	|	26.827	|	-34.958	|	-34.958	|	0.965	|	0.013	|	0.082	|	0.0
303.0	|	322.0	|	-4.274404504	|	-1.641332153	|	-18.51021724	|	-0.642	|	-0.133	|	1.043	|	31.304	|	-37.529	|	-37.529	|	0.976	|	0.011	|	0.104	|	0.0
300.0	|	324.0	|	-4.142006363	|	-1.770119526	|	-18.63439754	|	-0.602	|	-0.203	|	0.871	|	35.596	|	-39.911	|	-39.911	|	0.97	|	0.011	|	0.095	|	0.0
304.0	|	331.0	|	-4.011678659	|	-1.920245357	|	-18.77729772	|	-0.556	|	-0.276	|	0.799	|	36.332	|	-44.738	|	-44.738	|	0.97	|	0.018	|	0.122	|	0.0
305.0	|	328.0	|	-3.901308669	|	-2.072179046	|	-18.92227272	|	-0.544	|	-0.336	|	0.75	|	31.917	|	-44.989	|	-44.989	|	0.944	|	0.028	|	0.085	|	0.0
318.0	|	332.0	|	-3.81361442	|	-2.210974392	|	-19.05316453	|	-0.549	|	-0.409	|	0.734	|	27.134	|	-41.227	|	-41.227	|	0.971	|	-0.008	|	0.134	|	0.0
330.0	|	332.0	|	-3.730965665	|	-2.329767166	|	-19.16836545	|	-0.548	|	-0.424	|	0.719	|	26.092	|	-36.526	|	-36.526	|	0.939	|	0.019	|	0.116	|	0.0
341.0	|	332.0	|	-3.647366101	|	-2.430597079	|	-19.2677509	|	-0.549	|	-0.391	|	0.736	|	26.153	|	-32.325	|	-32.325	|	0.949	|	0.006	|	0.144	|	0.0
353.0	|	335.0	|	-3.5683456	|	-2.502101912	|	-19.34227975	|	-0.557	|	-0.338	|	0.802	|	24.313	|	-25.68	|	-25.68	|	0.959	|	0.018	|	0.106	|	0.0
365.0	|	340.0	|	-3.489361435	|	-2.549567751	|	-19.39657549	|	-0.576	|	-0.287	|	0.869	|	23.884	|	-20.163	|	-20.163	|	0.967	|	0.021	|	0.148	|	0.0
380.0	|	349.0	|	-3.410893384	|	-2.580721719	|	-19.43702175	|	-0.597	|	-0.252	|	0.889	|	23.148	|	-16.465	|	-16.465	|	0.961	|	0.021	|	0.109	|	0.0
394.0	|	356.0	|	-3.334936888	|	-2.60291413	|	-19.46952042	|	-0.631	|	-0.255	|	0.869	|	22.719	|	-14.271	|	-14.271	|	0.956	|	0.0	|	0.146	|	0.0
408.0	|	360.0	|	-3.262846495	|	-2.620384971	|	-19.49994889	|	-0.642	|	-0.262	|	0.823	|	21.738	|	-13.33	|	-13.33	|	0.961	|	0.021	|	0.122	|	0.0
418.0	|	362.0	|	-3.207458555	|	-2.624097479	|	-19.51794946	|	-0.631	|	-0.29	|	0.711	|	18.243	|	-9.82	|	-9.82	|	0.959	|	0.003	|	0.148	|	0.0
428.0	|	365.0	|	-3.165670783	|	-2.612648455	|	-19.52480004	|	-0.659	|	-0.326	|	0.598	|	15.238	|	-6.246	|	-6.246	|	0.943	|	0.023	|	0.127	|	0.0
435.0	|	368.0	|	-3.120378112	|	-2.584038802	|	-19.51624721	|	-0.668	|	-0.369	|	0.533	|	16.955	|	-1.858	|	-1.858	|	0.936	|	0.019	|	0.165	|	0.0
432.0	|	370.0	|	-3.073627387	|	-2.553865221	|	-19.50706531	|	-0.647	|	-0.363	|	0.475	|	17.323	|	-1.544	|	-1.544	|	0.953	|	0.032	|	0.132	|	0.0
429.0	|	370.0	|	-3.020003596	|	-2.509266139	|	-19.48544154	|	-0.609	|	-0.323	|	0.419	|	19.162	|	1.903	|	1.903	|	0.944	|	0.026	|	0.17	|	0.0
431.0	|	373.0	|	-2.941875862	|	-2.439663401	|	-19.44166993	|	-0.548	|	-0.25	|	0.402	|	24.988	|	7.734	|	7.734	|	0.955	|	0.024	|	0.142	|	0.0
425.0	|	377.0	|	-2.855397917	|	-2.351367225	|	-19.38139317	|	-0.535	|	-0.217	|	0.413	|	27.011	|	12.185	|	12.185	|	0.944	|	0.021	|	0.181	|	0.0
414.0	|	379.0	|	-2.771519521	|	-2.242700439	|	-19.30412041	|	-0.551	|	-0.19	|	0.432	|	25.846	|	16.886	|	16.886	|	0.952	|	0.041	|	0.149	|	0.0
408.0	|	381.0	|	-2.693248394	|	-2.119988656	|	-19.21375479	|	-0.579	|	-0.207	|	0.492	|	24.681	|	20.397	|	20.397	|	0.939	|	0.044	|	0.172	|	0.0
400.0	|	380.0	|	-2.621051642	|	-1.999926001	|	-19.12499599	|	-0.552	|	-0.158	|	0.573	|	22.29	|	19.645	|	19.645	|	0.923	|	0.045	|	0.153	|	0.0
388.0	|	375.0	|	-2.539624158	|	-1.890922631	|	-19.04547919	|	-0.513	|	-0.04	|	0.669	|	22.535	|	16.761	|	16.761	|	0.944	|	0.047	|	0.182	|	0.0
373.0	|	367.0	|	-2.460256161	|	-1.777240356	|	-18.96171322	|	-0.501	|	0.014	|	0.723	|	20.757	|	17.889	|	17.889	|	0.949	|	0.066	|	0.155	|	0.0
354.0	|	357.0	|	-2.405125245	|	-1.662619419	|	-18.87502458	|	-0.498	|	-0.079	|	0.724	|	16.648	|	18.391	|	18.391	|	0.944	|	0.045	|	0.194	|	0.0
340.0	|	348.0	|	-2.354834131	|	-1.549721059	|	-18.79281022	|	-0.495	|	-0.114	|	0.618	|	15.974	|	17.827	|	17.827	|	0.929	|	0.066	|	0.174	|	0.0
333.0	|	343.0	|	-2.286367389	|	-1.436682388	|	-18.71186003	|	-0.501	|	-0.104	|	0.51	|	20.573	|	17.764	|	17.764	|	0.93	|	0.055	|	0.208	|	0.0
329.0	|	345.0	|	-2.200730924	|	-1.30226754	|	-18.61220511	|	-0.55	|	-0.091	|	0.477	|	24.62	|	22.905	|	22.905	|	0.935	|	0.053	|	0.196	|	0.0
330.0	|	350.0	|	-2.102072324	|	-1.150058003	|	-18.4958021	|	-0.626	|	-0.107	|	0.52	|	28.176	|	27.356	|	27.356	|	0.927	|	0.045	|	0.224	|	0.0
330.0	|	355.0	|	-1.985697155	|	-0.987025872	|	-18.37040302	|	-0.705	|	-0.133	|	0.559	|	32.714	|	29.989	|	29.989	|	0.949	|	0.07	|	0.194	|	0.0
330.0	|	359.0	|	-1.846192868	|	-0.808310053	|	-18.23085597	|	-0.779	|	-0.104	|	0.587	|	38.172	|	33.813	|	33.813	|	0.921	|	0.068	|	0.231	|	0.0
333.0	|	361.0	|	-1.685616921	|	-0.619158737	|	-18.08132185	|	-0.805	|	-0.06	|	0.656	|	42.771	|	36.383	|	36.383	|	0.927	|	0.079	|	0.21	|	0.0
335.0	|	364.0	|	-1.50321699	|	-0.438383536	|	-17.93753768	|	-0.813	|	0.004	|	0.773	|	47.492	|	34.44	|	34.44	|	0.921	|	0.066	|	0.233	|	0.0
336.0	|	369.0	|	-1.310003756	|	-0.268972669	|	-17.80397778	|	-0.79	|	0.032	|	0.879	|	49.638	|	31.681	|	31.681	|	0.933	|	0.089	|	0.215	|	0.0
338.0	|	371.0	|	-1.127335905	|	-0.103702925	|	-17.67259102	|	-0.744	|	0.036	|	0.94	|	46.94	|	30.804	|	30.804	|	0.909	|	0.084	|	0.247	|	0.0
339.0	|	366.0	|	-0.964114726	|	0.065273634	|	-17.53532595	|	-0.692	|	0.031	|	0.915	|	41.912	|	31.932	|	31.932	|	0.938	|	0.076	|	0.226	|	0.0
338.0	|	366.0	|	-0.816684779	|	0.238154436	|	-17.39453238	|	-0.673	|	0.03	|	0.829	|	37.926	|	32.935	|	32.935	|	0.918	|	0.071	|	0.26	|	0.0
338.0	|	372.0	|	-0.678181798	|	0.411221157	|	-17.25481505	|	-0.674	|	0.052	|	0.727	|	35.044	|	32.935	|	32.935	|	0.917	|	0.081	|	0.238	|	0.0
340.0	|	376.0	|	-0.555093749	|	0.582736352	|	-17.1158629	|	-0.659	|	0.052	|	0.655	|	31.181	|	32.622	|	32.622	|	0.908	|	0.063	|	0.28	|	0.0
344.0	|	381.0	|	-0.441421114	|	0.746581575	|	-16.98518119	|	-0.636	|	0.077	|	0.652	|	28.054	|	30.678	|	30.678	|	0.899	|	0.086	|	0.25	|	0.0
346.0	|	387.0	|	-0.335335593	|	0.902350792	|	-16.86190187	|	-0.635	|	0.123	|	0.67	|	25.356	|	28.735	|	28.735	|	0.893	|	0.086	|	0.285	|	0.0
350.0	|	392.0	|	-0.234087901	|	1.053184779	|	-16.74137051	|	-0.637	|	0.145	|	0.692	|	23.7	|	27.669	|	27.669	|	0.905	|	0.073	|	0.259	|	0.0
357.0	|	397.0	|	-0.133765432	|	1.197954265	|	-16.62772707	|	-0.66	|	0.157	|	0.703	|	23.332	|	26.102	|	26.102	|	0.906	|	0.084	|	0.292	|	0.0
368.0	|	402.0	|	-0.029946372	|	1.335571885	|	-16.5206377	|	-0.669	|	0.163	|	0.708	|	24.068	|	24.347	|	24.347	|	0.906	|	0.084	|	0.264	|	0.0
381.0	|	403.0	|	0.07582491	|	1.467402575	|	-16.41913162	|	-0.671	|	0.174	|	0.712	|	24.497	|	22.905	|	22.905	|	0.891	|	0.081	|	0.302	|	0.0
392.0	|	404.0	|	0.19108105	|	1.586822622	|	-16.33103561	|	-0.657	|	0.189	|	0.731	|	26.459	|	19.77	|	19.77	|	0.894	|	0.109	|	0.276	|	0.0
394.0	|	403.0	|	0.30936232	|	1.713022778	|	-16.23364018	|	-0.651	|	0.196	|	0.725	|	27.257	|	21.651	|	21.651	|	0.897	|	0.079	|	0.311	|	0.0
391.0	|	402.0	|	0.437515532	|	1.839861675	|	-16.13590721	|	-0.662	|	0.218	|	0.714	|	29.28	|	21.902	|	21.902	|	0.888	|	0.091	|	0.28	|	0.0
387.0	|	401.0	|	0.576487099	|	1.97027095	|	-16.03422304	|	-0.677	|	0.222	|	0.693	|	32.101	|	22.842	|	22.842	|	0.891	|	0.083	|	0.319	|	0.0
386.0	|	400.0	|	0.725471923	|	2.107099645	|	-15.92639496	|	-0.687	|	0.224	|	0.664	|	34.431	|	24.535	|	24.535	|	0.896	|	0.094	|	0.292	|	0.0
385.0	|	400.0	|	0.882584933	|	2.231809201	|	-15.83025531	|	-0.685	|	0.262	|	0.643	|	36.025	|	21.588	|	21.588	|	0.884	|	0.094	|	0.311	|	0.0
391.0	|	401.0	|	1.043284751	|	2.3527736	|	-15.73695542	|	-0.682	|	0.304	|	0.648	|	36.209	|	20.899	|	20.899	|	0.89	|	0.104	|	0.28	|	0.0
400.0	|	402.0	|	1.19233216	|	2.473910266	|	-15.64236787	|	-0.684	|	0.313	|	0.665	|	33.205	|	21.024	|	21.024	|	0.885	|	0.094	|	0.318	|	0.0
411.0	|	404.0	|	1.327695171	|	2.602257625	|	-15.54048637	|	-0.686	|	0.302	|	0.688	|	29.648	|	22.905	|	22.905	|	0.884	|	0.105	|	0.292	|	0.0
417.0	|	412.0	|	1.448788126	|	2.736355244	|	-15.4329274	|	-0.698	|	0.261	|	0.682	|	26.643	|	24.221	|	24.221	|	0.871	|	0.096	|	0.321	|	0.0
405.0	|	421.0	|	1.56327049	|	2.869082238	|	-15.32738188	|	-0.751	|	0.269	|	0.639	|	24.988	|	23.845	|	23.845	|	0.88	|	0.099	|	0.316	|	0.0
387.0	|	428.0	|	1.681085644	|	2.98802451	|	-15.23603987	|	-0.775	|	0.267	|	0.606	|	26.214	|	20.209	|	20.209	|	0.868	|	0.086	|	0.344	|	0.0
370.0	|	433.0	|	1.804825849	|	3.109802468	|	-15.14244644	|	-0.772	|	0.294	|	0.563	|	27.073	|	21.087	|	21.087	|	0.879	|	0.112	|	0.326	|	0.0
353.0	|	432.0	|	1.934994494	|	3.234264409	|	-15.04493389	|	-0.766	|	0.318	|	0.546	|	28.299	|	21.964	|	21.964	|	0.884	|	0.109	|	0.333	|	0.0
334.0	|	424.0	|	2.072985451	|	3.3562982	|	-14.95024837	|	-0.768	|	0.313	|	0.573	|	30.323	|	21.337	|	21.337	|	0.859	|	0.117	|	0.321	|	0.0
321.0	|	410.0	|	2.210452427	|	3.473008591	|	-14.85978116	|	-0.764	|	0.29	|	0.613	|	30.691	|	19.896	|	19.896	|	0.868	|	0.096	|	0.342	|	0.0
312.0	|	393.0	|	2.339071021	|	3.578638486	|	-14.77992496	|	-0.731	|	0.305	|	0.637	|	28.176	|	17.137	|	17.137	|	0.864	|	0.096	|	0.318	|	0.0
315.0	|	370.0	|	2.461723403	|	3.694432788	|	-14.688248	|	-0.757	|	0.336	|	0.627	|	26.276	|	19.958	|	19.958	|	0.859	|	0.088	|	0.363	|	0.0
330.0	|	345.0	|	2.576701617	|	3.815119417	|	-14.5912415	|	-0.758	|	0.365	|	0.591	|	23.639	|	21.463	|	21.463	|	0.859	|	0.104	|	0.332	|	0.0
346.0	|	320.0	|	2.687169133	|	3.935898412	|	-14.49409124	|	-0.764	|	0.372	|	0.564	|	22.412	|	21.526	|	21.526	|	0.856	|	0.105	|	0.366	|	0.0
363.0	|	297.0	|	2.799906679	|	4.042227618	|	-14.41237826	|	-0.779	|	0.404	|	0.554	|	22.842	|	17.827	|	17.827	|	0.855	|	0.113	|	0.344	|	0.0
379.0	|	289.0	|	2.909578034	|	4.134604754	|	-14.34547398	|	-0.791	|	0.431	|	0.541	|	22.106	|	14.191	|	14.191	|	0.855	|	0.112	|	0.377	|	0.0
383.0	|	285.0	|	3.0052103	|	4.212370895	|	-14.29570117	|	-0.816	|	0.425	|	0.533	|	18.917	|	10.179	|	10.179	|	0.843	|	0.122	|	0.351	|	0.0
384.0	|	283.0	|	3.088856426	|	4.286408154	|	-14.25001046	|	-0.8	|	0.406	|	0.535	|	16.096	|	9.113	|	9.113	|	0.843	|	0.118	|	0.373	|	0.0
382.0	|	275.0	|	3.157048936	|	4.357349333	|	-14.20794694	|	-0.78	|	0.371	|	0.538	|	12.479	|	8.173	|	8.173	|	0.855	|	0.117	|	0.347	|	0.0
385.0	|	272.0	|	3.211897741	|	4.424457492	|	-14.17080044	|	-0.774	|	0.356	|	0.548	|	9.351	|	7.044	|	7.044	|	0.84	|	0.12	|	0.389	|	0.0
386.0	|	269.0	|	3.262805263	|	4.490227084	|	-14.13496168	|	-0.784	|	0.364	|	0.547	|	8.248	|	6.731	|	6.731	|	0.852	|	0.123	|	0.354	|	0.0
386.0	|	269.0	|	3.311887204	|	4.553328005	|	-14.10092403	|	-0.798	|	0.364	|	0.555	|	8.064	|	5.978	|	5.978	|	0.849	|	0.099	|	0.373	|	0.0
386.0	|	269.0	|	3.355705966	|	4.610869367	|	-14.07414375	|	-0.783	|	0.345	|	0.566	|	6.898	|	4.411	|	4.411	|	0.85	|	0.115	|	0.354	|	0.0
386.0	|	269.0	|	3.390422847	|	4.658210516	|	-14.05845765	|	-0.78	|	0.34	|	0.593	|	4.998	|	1.59	|	1.59	|	0.831	|	0.104	|	0.391	|	0.0
386.0	|	267.0	|	3.41414028	|	4.701808058	|	-14.04661344	|	-0.759	|	0.345	|	0.626	|	2.054	|	0.65	|	0.65	|	0.838	|	0.11	|	0.375	|	0.0
399.0	|	258.0	|	3.420123809	|	4.748561964	|	-14.03111377	|	-0.762	|	0.325	|	0.626	|	-2.177	|	1.402	|	1.402	|	0.843	|	0.1	|	0.394	|	0.0
403.0	|	255.0	|	3.411976315	|	4.794444139	|	-14.01749591	|	-0.78	|	0.327	|	0.571	|	-5.856	|	1.151	|	1.151	|	0.846	|	0.109	|	0.37	|	0.0
401.0	|	251.0	|	3.406947921	|	4.835510327	|	-14.00966836	|	-0.816	|	0.356	|	0.51	|	-5.182	|	-0.103	|	-0.103	|	0.835	|	0.112	|	0.382	|	0.0
401.0	|	247.0	|	3.412667482	|	4.872307267	|	-14.0079171	|	-0.843	|	0.384	|	0.476	|	-2.729	|	-1.168	|	-1.168	|	0.847	|	0.143	|	0.359	|	0.0
405.0	|	249.0	|	3.420127205	|	4.90401649	|	-14.01037574	|	-0.83	|	0.383	|	0.472	|	-2.054	|	-2.547	|	-2.547	|	0.846	|	0.115	|	0.385	|	0.0
407.0	|	251.0	|	3.428412768	|	4.923935097	|	-14.02740444	|	-0.808	|	0.385	|	0.479	|	-1.87	|	-5.682	|	-5.682	|	0.847	|	0.147	|	0.356	|	0.0
408.0	|	253.0	|	3.438428362	|	4.93370415	|	-14.0547573	|	-0.773	|	0.396	|	0.465	|	-1.441	|	-8.315	|	-8.315	|	0.831	|	0.136	|	0.377	|	0.0
410.0	|	255.0	|	3.441933202	|	4.936759528	|	-14.09017698	|	-0.763	|	0.379	|	0.444	|	-2.851	|	-10.196	|	-10.196	|	0.852	|	0.143	|	0.354	|	0.0
410.0	|	258.0	|	3.434467967	|	4.935577214	|	-14.13027514	|	-0.779	|	0.35	|	0.431	|	-4.936	|	-11.575	|	-11.575	|	0.841	|	0.118	|	0.392	|	0.0
413.0	|	259.0	|	3.41560797	|	4.931704075	|	-14.17633997	|	-0.798	|	0.311	|	0.418	|	-7.389	|	-12.515	|	-12.515	|	0.855	|	0.156	|	0.368	|	0.0
409.0	|	261.0	|	3.392423485	|	4.922944532	|	-14.2267478	|	-0.795	|	0.252	|	0.419	|	-7.328	|	-14.082	|	-14.082	|	0.85	|	0.109	|	0.396	|	0.0
409.0	|	262.0	|	3.371915871	|	4.911558957	|	-14.28271939	|	-0.776	|	0.177	|	0.449	|	-5.733	|	-15.023	|	-15.023	|	0.843	|	0.138	|	0.352	|	0.0
410.0	|	262.0	|	3.348158398	|	4.904635203	|	-14.33509677	|	-0.766	|	0.102	|	0.518	|	-5.488	|	-13.957	|	-13.957	|	0.838	|	0.151	|	0.375	|	0.0
411.0	|	262.0	|	3.31045215	|	4.90451985	|	-14.37982253	|	-0.767	|	0.011	|	0.613	|	-7.696	|	-12.076	|	-12.076	|	0.843	|	0.152	|	0.354	|	0.0
413.0	|	261.0	|	3.252292837	|	4.905874136	|	-14.4218181	|	-0.77	|	-0.088	|	0.666	|	-11.314	|	-11.387	|	-11.387	|	0.838	|	0.147	|	0.384	|	0.0
418.0	|	263.0	|	3.181070783	|	4.90224359	|	-14.46989719	|	-0.788	|	-0.149	|	0.636	|	-13.889	|	-12.578	|	-12.578	|	0.837	|	0.159	|	0.351	|	0.0
422.0	|	264.0	|	3.110851766	|	4.899176537	|	-14.51625183	|	-0.846	|	-0.227	|	0.575	|	-12.908	|	-12.139	|	-12.139	|	0.84	|	0.151	|	0.377	|	0.0
422.0	|	266.0	|	3.053931194	|	4.899134135	|	-14.55841764	|	-0.885	|	-0.296	|	0.554	|	-9.045	|	-11.073	|	-11.073	|	0.856	|	0.152	|	0.354	|	0.0
422.0	|	269.0	|	3.010097693	|	4.897725606	|	-14.6029535	|	-0.886	|	-0.282	|	0.589	|	-5.795	|	-11.512	|	-11.512	|	0.831	|	0.162	|	0.373	|	0.0
424.0	|	271.0	|	2.985948321	|	4.901317612	|	-14.64345489	|	-0.913	|	-0.173	|	0.651	|	-2.177	|	-10.635	|	-10.635	|	0.847	|	0.17	|	0.358	|	0.0
425.0	|	273.0	|	2.986274427	|	4.928744452	|	-14.65740827	|	-0.933	|	-0.077	|	0.715	|	2.422	|	-4.428	|	-4.428	|	0.826	|	0.16	|	0.377	|	0.0
427.0	|	275.0	|	2.999087704	|	4.9798389	|	-14.64533843	|	-0.882	|	-0.042	|	0.766	|	4.63	|	1.903	|	1.903	|	0.837	|	0.17	|	0.342	|	0.0
428.0	|	275.0	|	2.99600393	|	5.046782463	|	-14.61494565	|	-0.852	|	-0.094	|	0.799	|	1.012	|	6.354	|	6.354	|	0.84	|	0.169	|	0.366	|	0.0
428.0	|	275.0	|	2.971218395	|	5.122894306	|	-14.57369216	|	-0.865	|	-0.179	|	0.785	|	-3.771	|	9.113	|	9.113	|	0.847	|	0.169	|	0.345	|	0.0
427.0	|	275.0	|	2.939723587	|	5.190729192	|	-14.54305939	|	-0.922	|	-0.241	|	0.752	|	-4.875	|	6.981	|	6.981	|	0.835	|	0.19	|	0.378	|	0.0
428.0	|	275.0	|	2.91517929	|	5.234892055	|	-14.53821231	|	-0.953	|	-0.284	|	0.736	|	-2.177	|	0.712	|	0.712	|	0.826	|	0.182	|	0.344	|	0.0
428.0	|	275.0	|	2.890658774	|	5.254644467	|	-14.55850713	|	-0.912	|	-0.277	|	0.742	|	-1.318	|	-5.745	|	-5.745	|	0.832	|	0.159	|	0.375	|	0.0
428.0	|	276.0	|	2.869390232	|	5.254825541	|	-14.60242993	|	-0.896	|	-0.219	|	0.761	|	-0.644	|	-11.324	|	-11.324	|	0.85	|	0.18	|	0.342	|	0.0
428.0	|	276.0	|	2.848196701	|	5.254529792	|	-14.6453477	|	-0.877	|	-0.135	|	0.758	|	-1.38	|	-11.638	|	-11.638	|	0.843	|	0.149	|	0.384	|	0.0
427.0	|	276.0	|	2.817624507	|	5.260169936	|	-14.6829146	|	-0.84	|	-0.119	|	0.727	|	-4.2	|	-10.133	|	-10.133	|	0.838	|	0.164	|	0.345	|	0.0
427.0	|	276.0	|	2.772183877	|	5.26561644	|	-14.72035556	|	-0.839	|	-0.164	|	0.715	|	-7.389	|	-10.008	|	-10.008	|	0.841	|	0.167	|	0.38	|	0.0
427.0	|	277.0	|	2.724634035	|	5.263008041	|	-14.76725335	|	-0.829	|	-0.211	|	0.709	|	-7.205	|	-12.014	|	-12.014	|	0.838	|	0.183	|	0.356	|	0.0
426.0	|	277.0	|	2.676594183	|	5.250392117	|	-14.82340805	|	-0.811	|	-0.227	|	0.705	|	-6.715	|	-14.521	|	-14.521	|	0.821	|	0.162	|	0.37	|	0.0
423.0	|	276.0	|	2.624308439	|	5.239993211	|	-14.87820072	|	-0.789	|	-0.197	|	0.705	|	-8.248	|	-14.082	|	-14.082	|	0.852	|	0.18	|	0.342	|	0.0
423.0	|	276.0	|	2.568385465	|	5.230347246	|	-14.93102162	|	-0.789	|	-0.147	|	0.683	|	-9.781	|	-14.02	|	-14.02	|	0.847	|	0.156	|	0.363	|	0.0
423.0	|	276.0	|	2.515337103	|	5.217922022	|	-14.98818182	|	-0.755	|	-0.101	|	0.662	|	-9.658	|	-14.96	|	-14.96	|	0.855	|	0.172	|	0.342	|	0.0
422.0	|	276.0	|	2.474127361	|	5.199504254	|	-15.0505833	|	-0.728	|	-0.068	|	0.651	|	-6.837	|	-16.59	|	-16.59	|	0.853	|	0.154	|	0.358	|	0.0
421.0	|	276.0	|	2.430262885	|	5.181009193	|	-15.11380682	|	-0.693	|	-0.058	|	0.647	|	-7.696	|	-16.653	|	-16.653	|	0.841	|	0.165	|	0.335	|	0.0
425.0	|	277.0	|	2.374795986	|	5.166374282	|	-15.17202344	|	-0.648	|	-0.083	|	0.64	|	-10.148	|	-15.462	|	-15.462	|	0.835	|	0.162	|	0.366	|	0.0
432.0	|	280.0	|	2.31244602	|	5.152168157	|	-15.22939139	|	-0.592	|	-0.113	|	0.627	|	-11.252	|	-15.148	|	-15.148	|	0.858	|	0.173	|	0.34	|	0.0
437.0	|	284.0	|	2.247115578	|	5.131512286	|	-15.29224337	|	-0.578	|	-0.143	|	0.614	|	-11.191	|	-16.59	|	-16.59	|	0.847	|	0.162	|	0.365	|	0.0
439.0	|	285.0	|	2.187412653	|	5.109572578	|	-15.35774803	|	-0.588	|	-0.119	|	0.603	|	-10.332	|	-17.154	|	-17.154	|	0.855	|	0.173	|	0.337	|	0.0
443.0	|	286.0	|	2.149986473	|	5.101959186	|	-15.4079604	|	-0.566	|	-0.062	|	0.594	|	-5.979	|	-13.581	|	-13.581	|	0.843	|	0.169	|	0.359	|	0.0
448.0	|	285.0	|	2.130786059	|	5.123617067	|	-15.42592096	|	-0.549	|	-0.051	|	0.597	|	-2.238	|	-5.807	|	-5.807	|	0.874	|	0.17	|	0.337	|	0.0
453.0	|	283.0	|	2.115604482	|	5.176220725	|	-15.41104849	|	-0.624	|	-0.06	|	0.615	|	-1.993	|	2.405	|	2.405	|	0.858	|	0.17	|	0.359	|	0.0
452.0	|	283.0	|	2.108091469	|	5.258278997	|	-15.36528056	|	-0.773	|	-0.119	|	0.622	|	-0.337	|	10.304	|	10.304	|	0.859	|	0.177	|	0.323	|	0.0
455.0	|	268.0	|	2.126847282	|	5.369727825	|	-15.28691607	|	-0.802	|	-0.192	|	0.584	|	6.531	|	18.391	|	18.391	|	0.853	|	0.17	|	0.344	|	0.0
455.0	|	264.0	|	2.177918761	|	5.503150179	|	-15.18468237	|	-0.777	|	-0.238	|	0.578	|	14.809	|	24.472	|	24.472	|	0.865	|	0.183	|	0.325	|	0.0
455.0	|	264.0	|	2.249838393	|	5.664809514	|	-15.05086704	|	-0.761	|	-0.233	|	0.518	|	19.346	|	32.057	|	32.057	|	0.856	|	0.167	|	0.354	|	0.0
450.0	|	264.0	|	2.329737841	|	5.852606833	|	-14.88915255	|	-0.722	|	-0.209	|	0.417	|	20.266	|	38.953	|	38.953	|	0.862	|	0.172	|	0.332	|	0.0
444.0	|	268.0	|	2.402039834	|	6.056773962	|	-14.7101983	|	-0.673	|	-0.14	|	0.332	|	16.832	|	43.091	|	43.091	|	0.844	|	0.169	|	0.361	|	0.0
443.0	|	280.0	|	2.462013792	|	6.268965068	|	-14.52274395	|	-0.665	|	-0.051	|	0.247	|	11.681	|	44.972	|	44.972	|	0.856	|	0.167	|	0.342	|	0.0
438.0	|	284.0	|	2.50823917	|	6.481687718	|	-14.33320028	|	-0.62	|	0.028	|	0.199	|	6.592	|	45.097	|	45.097	|	0.834	|	0.144	|	0.372	|	0.0
438.0	|	287.0	|	2.539613244	|	6.694176892	|	-14.14427668	|	-0.618	|	0.103	|	0.227	|	1.012	|	45.16	|	45.16	|	0.828	|	0.177	|	0.349	|	0.0
438.0	|	288.0	|	2.564049843	|	6.898608695	|	-13.9620852	|	-0.654	|	0.152	|	0.332	|	-1.318	|	43.154	|	43.154	|	0.826	|	0.16	|	0.38	|	0.0
435.0	|	289.0	|	2.58291855	|	7.093835866	|	-13.79019646	|	-0.663	|	0.196	|	0.457	|	-3.465	|	40.897	|	40.897	|	0.829	|	0.19	|	0.34	|	0.0
430.0	|	291.0	|	2.577151081	|	7.281161859	|	-13.62424266	|	-0.664	|	0.221	|	0.522	|	-9.903	|	38.891	|	38.891	|	0.829	|	0.159	|	0.375	|	0.0
429.0	|	292.0	|	2.543825206	|	7.460055545	|	-13.46735156	|	-0.698	|	0.266	|	0.514	|	-17.445	|	36.822	|	36.822	|	0.825	|	0.167	|	0.337	|	0.0
421.0	|	291.0	|	2.492891224	|	7.624975719	|	-13.32542675	|	-0.749	|	0.301	|	0.51	|	-21.738	|	33.123	|	33.123	|	0.825	|	0.162	|	0.385	|	0.0
419.0	|	290.0	|	2.456241344	|	7.765546461	|	-13.21209268	|	-0.86	|	0.318	|	0.593	|	-17.016	|	26.478	|	26.478	|	0.831	|	0.18	|	0.361	|	0.0
412.0	|	290.0	|	2.452337789	|	7.900935635	|	-13.10535751	|	-0.934	|	0.27	|	0.714	|	-7.512	|	24.785	|	24.785	|	0.834	|	0.169	|	0.375	|	0.0
406.0	|	290.0	|	2.473988249	|	8.04546236	|	-12.99061412	|	-0.973	|	0.233	|	0.811	|	-0.889	|	27.105	|	27.105	|	0.829	|	0.188	|	0.351	|	0.0
404.0	|	289.0	|	2.519110446	|	8.175307937	|	-12.88997633	|	-0.974	|	0.267	|	0.902	|	5.304	|	23.281	|	23.281	|	0.834	|	0.172	|	0.38	|	0.0
402.0	|	290.0	|	2.579017139	|	8.290349553	|	-12.80282882	|	-0.874	|	0.336	|	0.912	|	8.248	|	19.77	|	19.77	|	0.826	|	0.169	|	0.342	|	0.0
399.0	|	289.0	|	2.645922162	|	8.392747107	|	-12.72972139	|	-0.848	|	0.346	|	0.874	|	10.21	|	16.51	|	16.51	|	0.829	|	0.182	|	0.38	|	0.0
395.0	|	286.0	|	2.70696556	|	8.494701351	|	-12.65967595	|	-0.819	|	0.253	|	0.864	|	9.842	|	16.009	|	16.009	|	0.821	|	0.185	|	0.34	|	0.0
392.0	|	283.0	|	2.755323642	|	8.592472844	|	-12.59432465	|	-0.78	|	0.196	|	0.78	|	7.573	|	14.692	|	14.692	|	0.841	|	0.175	|	0.377	|	0.0
390.0	|	282.0	|	2.791146529	|	8.669169	|	-12.55288764	|	-0.755	|	0.192	|	0.634	|	5.12	|	9.05	|	9.05	|	0.831	|	0.177	|	0.354	|	0.0
388.0	|	283.0	|	2.827354708	|	8.725261384	|	-12.53364772	|	-0.736	|	0.209	|	0.519	|	5.733	|	3.596	|	3.596	|	0.844	|	0.175	|	0.38	|	0.0
387.0	|	284.0	|	2.874202922	|	8.763973241	|	-12.53315305	|	-0.711	|	0.265	|	0.471	|	8.064	|	-0.729	|	-0.729	|	0.828	|	0.194	|	0.359	|	0.0
386.0	|	285.0	|	2.923122694	|	8.785324359	|	-12.54808288	|	-0.64	|	0.297	|	0.453	|	8.493	|	-5.055	|	-5.055	|	0.831	|	0.164	|	0.392	|	0.0
385.0	|	286.0	|	2.971520109	|	8.785820589	|	-12.58607965	|	-0.598	|	0.324	|	0.438	|	8.37	|	-10.258	|	-10.258	|	0.838	|	0.196	|	0.358	|	0.0
385.0	|	287.0	|	3.019498843	|	8.767724116	|	-12.6442773	|	-0.611	|	0.345	|	0.401	|	8.922	|	-15.211	|	-15.211	|	0.828	|	0.19	|	0.378	|	0.0
385.0	|	288.0	|	3.063487166	|	8.732768863	|	-12.72370634	|	-0.692	|	0.348	|	0.366	|	9.229	|	-20.101	|	-20.101	|	0.835	|	0.199	|	0.352	|	0.0
386.0	|	288.0	|	3.105099854	|	8.680813651	|	-12.8235204	|	-0.756	|	0.323	|	0.288	|	10.21	|	-25.116	|	-25.116	|	0.825	|	0.18	|	0.38	|	0.0
387.0	|	288.0	|	3.140338632	|	8.611774032	|	-12.94590447	|	-0.795	|	0.274	|	0.18	|	10.087	|	-30.068	|	-30.068	|	0.831	|	0.209	|	0.354	|	0.0
387.0	|	287.0	|	3.156959339	|	8.522289788	|	-13.09229533	|	-0.817	|	0.221	|	0.071	|	7.021	|	-35.899	|	-35.899	|	0.821	|	0.194	|	0.384	|	0.0
387.0	|	287.0	|	3.162163176	|	8.418414153	|	-13.2560387	|	-0.793	|	0.166	|	-0.012	|	5.304	|	-39.973	|	-39.973	|	0.818	|	0.194	|	0.359	|	0.0
387.0	|	287.0	|	3.172134914	|	8.31541343	|	-13.41919724	|	-0.729	|	0.118	|	-0.072	|	6.96	|	-39.848	|	-39.848	|	0.821	|	0.191	|	0.389	|	0.0
385.0	|	287.0	|	3.204005139	|	8.218742103	|	-13.57607853	|	-0.656	|	0.077	|	-0.052	|	12.724	|	-38.218	|	-38.218	|	0.817	|	0.196	|	0.366	|	0.0
386.0	|	287.0	|	3.252648303	|	8.144388895	|	-13.7089374	|	-0.667	|	-0.006	|	0.113	|	17.691	|	-32.263	|	-32.263	|	0.835	|	0.201	|	0.394	|	0.0
385.0	|	287.0	|	3.308396324	|	8.111418846	|	-13.79633853	|	-0.894	|	-0.164	|	0.518	|	20.082	|	-20.728	|	-20.728	|	0.817	|	0.224	|	0.361	|	0.0
384.0	|	287.0	|	3.338877358	|	8.071976613	|	-13.88762461	|	-1.161	|	-0.295	|	1.12	|	15.238	|	-22.044	|	-22.044	|	0.818	|	0.194	|	0.387	|	0.0
384.0	|	287.0	|	3.326754719	|	7.990894183	|	-14.02477676	|	-1.237	|	-0.396	|	1.328	|	6.776	|	-33.015	|	-33.015	|	0.818	|	0.191	|	0.354	|	0.0
384.0	|	287.0	|	3.299663571	|	7.926111446	|	-14.14310085	|	-1.139	|	-0.487	|	0.999	|	2.913	|	-28.188	|	-28.188	|	0.82	|	0.204	|	0.384	|	0.0
384.0	|	287.0	|	3.277256459	|	7.892662368	|	-14.22513532	|	-1.027	|	-0.501	|	0.72	|	3.097	|	-19.474	|	-19.474	|	0.821	|	0.199	|	0.361	|	0.0
384.0	|	288.0	|	3.290865085	|	7.882141776	|	-14.28259974	|	-1.037	|	-0.39	|	0.589	|	10.394	|	-13.832	|	-13.832	|	0.828	|	0.193	|	0.394	|	0.0
383.0	|	288.0	|	3.335063498	|	7.829474963	|	-14.39062324	|	-1.103	|	-0.262	|	0.588	|	18.427	|	-25.931	|	-25.931	|	0.832	|	0.211	|	0.351	|	0.0
383.0	|	289.0	|	3.378803521	|	7.750333337	|	-14.52794708	|	-1.086	|	-0.183	|	0.626	|	18.733	|	-33.328	|	-33.328	|	0.814	|	0.19	|	0.385	|	0.0
382.0	|	288.0	|	3.411543301	|	7.69110657	|	-14.64194212	|	-1.007	|	-0.069	|	0.599	|	14.012	|	-28.125	|	-28.125	|	0.823	|	0.175	|	0.363	|	0.0
381.0	|	288.0	|	3.425113773	|	7.656145426	|	-14.73044597	|	-0.987	|	-0.047	|	0.428	|	7.634	|	-21.605	|	-21.605	|	0.821	|	0.209	|	0.398	|	0.0
380.0	|	288.0	|	3.428512064	|	7.619932023	|	-14.8206116	|	-1.006	|	-0.246	|	0.367	|	7.144	|	-21.543	|	-21.543	|	0.818	|	0.222	|	0.368	|	0.0
378.0	|	289.0	|	3.447122732	|	7.563505222	|	-14.93156228	|	-1.061	|	-0.399	|	0.485	|	13.214	|	-26.495	|	-26.495	|	0.82	|	0.214	|	0.396	|	0.0
378.0	|	289.0	|	3.492239256	|	7.47821953	|	-15.07550912	|	-1.077	|	-0.445	|	0.589	|	21.431	|	-34.206	|	-34.206	|	0.808	|	0.224	|	0.365	|	0.0
378.0	|	289.0	|	3.541744046	|	7.385341894	|	-15.22726188	|	-1.018	|	-0.354	|	0.567	|	22.351	|	-36.526	|	-36.526	|	0.825	|	0.201	|	0.396	|	0.0
378.0	|	289.0	|	3.57784911	|	7.319832571	|	-15.34852368	|	-0.989	|	-0.279	|	0.467	|	17.139	|	-29.379	|	-29.379	|	0.812	|	0.191	|	0.361	|	0.0
378.0	|	289.0	|	3.606942997	|	7.276982777	|	-15.44630477	|	-1.008	|	-0.246	|	0.372	|	13.889	|	-23.423	|	-23.423	|	0.808	|	0.225	|	0.394	|	0.0
378.0	|	289.0	|	3.639809903	|	7.230672108	|	-15.54930293	|	-1.019	|	-0.231	|	0.294	|	14.625	|	-24.489	|	-24.489	|	0.803	|	0.241	|	0.363	|	0.0
377.0	|	290.0	|	3.681238689	|	7.172747817	|	-15.66426546	|	-0.993	|	-0.237	|	0.274	|	17.445	|	-27.624	|	-27.624	|	0.82	|	0.222	|	0.392	|	0.0
377.0	|	291.0	|	3.723970942	|	7.110491925	|	-15.7845051	|	-0.96	|	-0.272	|	0.31	|	18.365	|	-28.689	|	-28.689	|	0.812	|	0.233	|	0.377	|	0.0
376.0	|	292.0	|	3.755293561	|	7.044661148	|	-15.9073514	|	-0.978	|	-0.327	|	0.352	|	16.158	|	-29.442	|	-29.442	|	0.794	|	0.214	|	0.401	|	0.0
375.0	|	294.0	|	3.771016625	|	6.977285324	|	-16.03195141	|	-0.971	|	-0.377	|	0.339	|	12.601	|	-29.692	|	-29.692	|	0.817	|	0.229	|	0.366	|	0.0
374.0	|	293.0	|	3.777137886	|	6.91582379	|	-16.14860822	|	-0.935	|	-0.405	|	0.274	|	10.271	|	-27.874	|	-27.874	|	0.812	|	0.22	|	0.399	|	0.0
376.0	|	292.0	|	3.777462965	|	6.863936928	|	-16.2549553	|	-0.926	|	-0.429	|	0.238	|	8.554	|	-25.179	|	-25.179	|	0.793	|	0.235	|	0.377	|	0.0
374.0	|	293.0	|	3.773957303	|	6.820553694	|	-16.35092845	|	-0.914	|	-0.43	|	0.224	|	7.328	|	-22.796	|	-22.796	|	0.799	|	0.23	|	0.389	|	0.0
373.0	|	293.0	|	3.766770678	|	6.787652767	|	-16.43612367	|	-0.904	|	-0.41	|	0.216	|	5.795	|	-20.038	|	-20.038	|	0.799	|	0.25	|	0.378	|	0.0
371.0	|	292.0	|	3.748378087	|	6.75856845	|	-16.5155677	|	-0.889	|	-0.394	|	0.209	|	2.79	|	-18.972	|	-18.972	|	0.8	|	0.225	|	0.394	|	0.0
370.0	|	293.0	|	3.721895045	|	6.729167344	|	-16.59602073	|	-0.882	|	-0.373	|	0.217	|	0.521	|	-19.16	|	-19.16	|	0.803	|	0.233	|	0.366	|	0.0
372.0	|	293.0	|	3.686991981	|	6.704823322	|	-16.67005236	|	-0.882	|	-0.374	|	0.238	|	-1.748	|	-17.719	|	-17.719	|	0.818	|	0.232	|	0.401	|	0.0
373.0	|	294.0	|	3.63980687	|	6.686528835	|	-16.73777131	|	-0.896	|	-0.392	|	0.246	|	-5.059	|	-16.026	|	-16.026	|	0.788	|	0.24	|	0.37	|	0.0
371.0	|	293.0	|	3.581894412	|	6.671750577	|	-16.79990448	|	-0.879	|	-0.418	|	0.239	|	-7.573	|	-14.835	|	-14.835	|	0.79	|	0.227	|	0.394	|	0.0
372.0	|	294.0	|	3.512668026	|	6.66322892	|	-16.85505248	|	-0.861	|	-0.419	|	0.241	|	-10.639	|	-13.079	|	-13.079	|	0.805	|	0.238	|	0.368	|	0.0
376.0	|	294.0	|	3.427345743	|	6.660898592	|	-16.90219436	|	-0.885	|	-0.444	|	0.262	|	-14.809	|	-11.261	|	-11.261	|	0.812	|	0.232	|	0.392	|	0.0
378.0	|	295.0	|	3.335221724	|	6.656738738	|	-16.95164077	|	-0.912	|	-0.456	|	0.284	|	-16.526	|	-11.763	|	-11.763	|	0.797	|	0.233	|	0.361	|	0.0
374.0	|	291.0	|	3.241646947	|	6.65702733	|	-16.99629019	|	-0.929	|	-0.413	|	0.288	|	-17.445	|	-10.76	|	-10.76	|	0.806	|	0.23	|	0.401	|	0.0
375.0	|	292.0	|	3.139770356	|	6.667625123	|	-17.02999353	|	-0.922	|	-0.373	|	0.317	|	-20.266	|	-8.127	|	-8.127	|	0.826	|	0.238	|	0.358	|	0.0
376.0	|	294.0	|	3.026207901	|	6.685113743	|	-17.05509269	|	-0.934	|	-0.365	|	0.35	|	-23.516	|	-6.246	|	-6.246	|	0.811	|	0.22	|	0.382	|	0.0
379.0	|	297.0	|	2.915020938	|	6.708350163	|	-17.07415574	|	-0.931	|	-0.382	|	0.388	|	-22.964	|	-4.616	|	-4.616	|	0.812	|	0.233	|	0.351	|	0.0
383.0	|	300.0	|	2.802878617	|	6.740115813	|	-17.08160825	|	-0.913	|	-0.44	|	0.395	|	-22.842	|	-1.921	|	-1.921	|	0.809	|	0.217	|	0.378	|	0.0
386.0	|	302.0	|	2.676464168	|	6.781575722	|	-17.07836631	|	-0.909	|	-0.475	|	0.377	|	-26.582	|	0.838	|	0.838	|	0.812	|	0.227	|	0.359	|	0.0
389.0	|	301.0	|	2.545739905	|	6.828274779	|	-17.06758886	|	-0.911	|	-0.502	|	0.419	|	-27.563	|	2.468	|	2.468	|	0.82	|	0.209	|	0.38	|	0.0
389.0	|	301.0	|	2.418757376	|	6.879473495	|	-17.05358576	|	-0.922	|	-0.504	|	0.488	|	-26.827	|	3.596	|	3.596	|	0.821	|	0.237	|	0.351	|	0.0
389.0	|	300.0	|	2.298091422	|	6.937375696	|	-17.03094694	|	-0.927	|	-0.493	|	0.551	|	-25.417	|	5.414	|	5.414	|	0.832	|	0.217	|	0.378	|	0.0
387.0	|	300.0	|	2.183828438	|	7.005845251	|	-16.99773468	|	-0.929	|	-0.487	|	0.627	|	-24.191	|	8.173	|	8.173	|	0.812	|	0.224	|	0.332	|	0.0
390.0	|	303.0	|	2.070340465	|	7.083747815	|	-16.95218724	|	-0.963	|	-0.475	|	0.713	|	-24.375	|	10.68	|	10.68	|	0.826	|	0.191	|	0.37	|	0.0
390.0	|	304.0	|	1.971255085	|	7.166557762	|	-16.90245606	|	-0.997	|	-0.45	|	0.803	|	-21.186	|	11.746	|	11.746	|	0.843	|	0.201	|	0.344	|	0.0
392.0	|	305.0	|	1.8904812	|	7.259925565	|	-16.84153827	|	-1.013	|	-0.406	|	0.815	|	-17.262	|	14.316	|	14.316	|	0.841	|	0.19	|	0.356	|	0.0
391.0	|	308.0	|	1.827248918	|	7.363831949	|	-16.77267743	|	-1.029	|	-0.353	|	0.796	|	-13.828	|	16.698	|	16.698	|	0.849	|	0.224	|	0.34	|	0.0
395.0	|	309.0	|	1.78421291	|	7.482733903	|	-16.68552021	|	-1.017	|	-0.284	|	0.814	|	-9.658	|	20.522	|	20.522	|	0.85	|	0.182	|	0.372	|	0.0
394.0	|	310.0	|	1.763624465	|	7.623992523	|	-16.57629479	|	-0.969	|	-0.183	|	0.825	|	-5.795	|	26.039	|	26.039	|	0.828	|	0.193	|	0.328	|	5.0
398.0	|	311.0	|	1.749910696	|	7.779363924	|	-16.45255155	|	-0.92	|	-0.078	|	0.755	|	-5.856	|	29.487	|	29.487	|	0.838	|	0.196	|	0.359	|	5.0
398.0	|	312.0	|	1.742483987	|	7.944509711	|	-16.31865214	|	-0.914	|	0.006	|	0.642	|	-5.979	|	31.932	|	31.932	|	0.837	|	0.196	|	0.33	|	5.0
400.0	|	313.0	|	1.749095588	|	8.116326566	|	-16.17747977	|	-0.939	|	0.052	|	0.576	|	-3.403	|	33.687	|	33.687	|	0.849	|	0.198	|	0.347	|	5.0
400.0	|	316.0	|	1.773835732	|	8.283507483	|	-16.04128795	|	-0.951	|	0.094	|	0.579	|	0.705	|	32.496	|	32.496	|	0.843	|	0.204	|	0.333	|	5.0
401.0	|	316.0	|	1.811819205	|	8.442666765	|	-15.91136282	|	-0.924	|	0.181	|	0.631	|	3.158	|	30.553	|	30.553	|	0.85	|	0.193	|	0.358	|	5.0
401.0	|	317.0	|	1.848744237	|	8.595475174	|	-15.78656412	|	-0.868	|	0.269	|	0.678	|	1.564	|	29.236	|	29.236	|	0.838	|	0.203	|	0.335	|	5.0
405.0	|	318.0	|	1.888833751	|	8.739933785	|	-15.6672006	|	-0.845	|	0.341	|	0.706	|	1.625	|	27.418	|	27.418	|	0.844	|	0.186	|	0.368	|	5.0
407.0	|	317.0	|	1.935043083	|	8.861585326	|	-15.57085831	|	-0.843	|	0.414	|	0.729	|	3.035	|	21.839	|	21.839	|	0.843	|	0.198	|	0.33	|	5.0
404.0	|	316.0	|	1.978617961	|	8.949108929	|	-15.50809134	|	-0.847	|	0.493	|	0.726	|	2.974	|	13.25	|	13.25	|	0.847	|	0.183	|	0.363	|	5.0
407.0	|	316.0	|	2.014183579	|	9.001709337	|	-15.48365955	|	-0.908	|	0.576	|	0.745	|	1.87	|	4.286	|	4.286	|	0.835	|	0.209	|	0.342	|	5.0
407.0	|	316.0	|	2.047754427	|	9.02430143	|	-15.49023961	|	-0.936	|	0.652	|	0.764	|	2.177	|	-3.362	|	-3.362	|	0.841	|	0.211	|	0.368	|	5.0
407.0	|	317.0	|	2.085173227	|	9.028517814	|	-15.51598254	|	-0.936	|	0.701	|	0.8	|	3.526	|	-7.939	|	-7.939	|	0.823	|	0.217	|	0.347	|	5.0
409.0	|	317.0	|	2.124601521	|	9.015588817	|	-15.5598415	|	-0.923	|	0.69	|	0.819	|	4.814	|	-12.515	|	-12.515	|	0.832	|	0.211	|	0.366	|	5.0
411.0	|	317.0	|	2.161565694	|	8.977797079	|	-15.63302579	|	-0.903	|	0.615	|	0.81	|	5.733	|	-19.474	|	-19.474	|	0.835	|	0.22	|	0.339	|	5.0
413.0	|	318.0	|	2.182449738	|	8.915685572	|	-15.73496813	|	-0.875	|	0.522	|	0.769	|	3.403	|	-26.432	|	-26.432	|	0.846	|	0.222	|	0.359	|	5.0
416.0	|	315.0	|	2.200646974	|	8.825527623	|	-15.86876297	|	-0.817	|	0.477	|	0.744	|	3.955	|	-33.955	|	-33.955	|	0.817	|	0.23	|	0.339	|	5.0
434.0	|	304.0	|	2.237210339	|	8.723774606	|	-16.01658032	|	-0.778	|	0.421	|	0.759	|	9.474	|	-37.278	|	-37.278	|	0.812	|	0.235	|	0.356	|	5.0
457.0	|	293.0	|	2.282789666	|	8.635041351	|	-16.15354476	|	-0.801	|	0.328	|	0.746	|	12.601	|	-34.519	|	-34.519	|	0.821	|	0.233	|	0.339	|	5.0
468.0	|	282.0	|	2.322966519	|	8.558098459	|	-16.28094044	|	-0.803	|	0.209	|	0.679	|	12.54	|	-32.012	|	-32.012	|	0.828	|	0.232	|	0.366	|	5.0
470.0	|	282.0	|	2.366191615	|	8.48014958	|	-16.4110917	|	-0.783	|	0.142	|	0.586	|	14.318	|	-32.513	|	-32.513	|	0.823	|	0.23	|	0.335	|	5.0
464.0	|	283.0	|	2.419538321	|	8.392199735	|	-16.55311842	|	-0.777	|	0.12	|	0.547	|	17.629	|	-35.272	|	-35.272	|	0.826	|	0.238	|	0.365	|	5.0
458.0	|	286.0	|	2.475541714	|	8.294260629	|	-16.70595226	|	-0.782	|	0.099	|	0.57	|	19.101	|	-38.03	|	-38.03	|	0.817	|	0.224	|	0.351	|	5.0
452.0	|	287.0	|	2.540464409	|	8.194797432	|	-16.86117692	|	-0.786	|	0.055	|	0.578	|	22.167	|	-38.532	|	-38.532	|	0.829	|	0.227	|	0.365	|	5.0
449.0	|	289.0	|	2.608779414	|	8.098111916	|	-17.01438875	|	-0.736	|	0.013	|	0.533	|	23.516	|	-37.842	|	-37.842	|	0.834	|	0.235	|	0.347	|	5.0
442.0	|	289.0	|	2.676711233	|	8.00088443	|	-17.16912727	|	-0.677	|	-0.009	|	0.41	|	23.7	|	-38.03	|	-38.03	|	0.823	|	0.24	|	0.363	|	5.0
427.0	|	287.0	|	2.747905329	|	7.909010616	|	-17.31677954	|	-0.637	|	0.02	|	0.246	|	23.639	|	-36.651	|	-36.651	|	0.82	|	0.212	|	0.323	|	5.0
417.0	|	292.0	|	2.81452079	|	7.827930185	|	-17.45228671	|	-0.588	|	0.055	|	0.101	|	21.186	|	-33.767	|	-33.767	|	0.84	|	0.217	|	0.377	|	5.0
416.0	|	302.0	|	2.860333171	|	7.761136099	|	-17.57207655	|	-0.572	|	0.084	|	-0.027	|	14.502	|	-29.88	|	-29.88	|	0.82	|	0.224	|	0.345	|	5.0
415.0	|	312.0	|	2.877625757	|	7.708337895	|	-17.67558661	|	-0.549	|	0.08	|	-0.123	|	6.653	|	-26.119	|	-26.119	|	0.832	|	0.212	|	0.361	|	5.0
415.0	|	324.0	|	2.878921358	|	7.666209878	|	-17.76829984	|	-0.505	|	0.053	|	-0.178	|	2.483	|	-23.298	|	-23.298	|	0.831	|	0.229	|	0.352	|	5.0
417.0	|	334.0	|	2.8729389	|	7.632705873	|	-17.84982871	|	-0.418	|	0.034	|	-0.192	|	0.644	|	-20.978	|	-20.978	|	0.828	|	0.194	|	0.373	|	5.0
418.0	|	339.0	|	2.847464093	|	7.604413002	|	-17.92624999	|	-0.368	|	0.012	|	-0.159	|	-4.078	|	-19.599	|	-19.599	|	0.835	|	0.203	|	0.339	|	5.0
411.0	|	344.0	|	2.805910542	|	7.585674489	|	-17.99346053	|	-0.35	|	-0.007	|	-0.098	|	-7.941	|	-17.029	|	-17.029	|	0.826	|	0.225	|	0.372	|	5.0
399.0	|	345.0	|	2.748678155	|	7.588715587	|	-18.0341137	|	-0.377	|	-0.062	|	-0.001	|	-10.884	|	-10.885	|	-10.885	|	0.826	|	0.177	|	0.347	|	5.0
386.0	|	340.0	|	2.668430909	|	7.607500524	|	-18.05437421	|	-0.437	|	-0.132	|	0.2	|	-15.483	|	-5.995	|	-5.995	|	0.835	|	0.17	|	0.372	|	5.0
369.0	|	338.0	|	2.555727664	|	7.645785149	|	-18.0488655	|	-0.518	|	-0.219	|	0.549	|	-22.903	|	0.211	|	0.211	|	0.844	|	0.188	|	0.361	|	5.0
345.0	|	338.0	|	2.397088867	|	7.685922185	|	-18.03133307	|	-0.603	|	-0.344	|	1.068	|	-33.143	|	2.468	|	2.468	|	0.835	|	0.17	|	0.358	|	5.0
316.0	|	337.0	|	2.226672103	|	7.697936751	|	-18.03844321	|	-0.71	|	-0.406	|	1.469	|	-35.044	|	-4.428	|	-4.428	|	0.85	|	0.146	|	0.34	|	5.0
289.0	|	334.0	|	2.127523072	|	7.706192493	|	-18.05970714	|	-0.857	|	-0.291	|	1.301	|	-18.549	|	-7.563	|	-7.563	|	0.853	|	0.157	|	0.363	|	5.0
268.0	|	326.0	|	2.080655227	|	7.711848183	|	-18.0879968	|	-0.814	|	-0.225	|	0.92	|	-6.101	|	-9.005	|	-9.005	|	0.843	|	0.151	|	0.34	|	5.0
253.0	|	318.0	|	2.033048216	|	7.7191241	|	-18.11638145	|	-0.73	|	-0.146	|	0.726	|	-7.266	|	-9.005	|	-9.005	|	0.856	|	0.154	|	0.354	|	5.0
243.0	|	313.0	|	2.007462263	|	7.768897643	|	-18.09969794	|	-0.854	|	-0.105	|	0.778	|	-4.2	|	1.966	|	1.966	|	0.844	|	0.151	|	0.339	|	5.0
245.0	|	308.0	|	2.031215712	|	7.894048654	|	-17.99904057	|	-0.889	|	-0.214	|	0.916	|	7.021	|	22.529	|	22.529	|	0.861	|	0.147	|	0.351	|	5.0
252.0	|	309.0	|	2.075109398	|	8.046865127	|	-17.86449642	|	-0.742	|	-0.224	|	1.021	|	11.927	|	30.49	|	30.49	|	0.877	|	0.152	|	0.332	|	5.0
258.0	|	310.0	|	2.104930781	|	8.170158427	|	-17.76179318	|	-0.674	|	-0.108	|	1.068	|	8.248	|	22.215	|	22.215	|	0.85	|	0.157	|	0.354	|	5.0
265.0	|	315.0	|	2.130970705	|	8.277200835	|	-17.67680429	|	-0.746	|	-0.031	|	1.0	|	6.163	|	17.451	|	17.451	|	0.852	|	0.131	|	0.33	|	5.0
263.0	|	321.0	|	2.18093621	|	8.405370562	|	-17.57351785	|	-0.84	|	-0.051	|	0.836	|	11.314	|	22.779	|	22.779	|	0.856	|	0.143	|	0.347	|	5.0
258.0	|	323.0	|	2.261322983	|	8.544202516	|	-17.46098624	|	-0.876	|	-0.143	|	0.678	|	19.53	|	25.726	|	25.726	|	0.861	|	0.157	|	0.332	|	5.0
251.0	|	317.0	|	2.368023387	|	8.672936451	|	-17.35921399	|	-0.859	|	-0.193	|	0.654	|	27.318	|	23.281	|	23.281	|	0.855	|	0.16	|	0.349	|	5.0
246.0	|	305.0	|	2.490767992	|	8.794328973	|	-17.26395668	|	-0.849	|	-0.207	|	0.693	|	31.978	|	21.526	|	21.526	|	0.853	|	0.151	|	0.354	|	5.0
242.0	|	294.0	|	2.617931714	|	8.916781286	|	-17.16778621	|	-0.875	|	-0.195	|	0.71	|	32.837	|	21.776	|	21.776	|	0.835	|	0.154	|	0.373	|	5.0
235.0	|	295.0	|	2.742679816	|	9.047727875	|	-17.06138251	|	-0.856	|	-0.186	|	0.688	|	31.672	|	24.096	|	24.096	|	0.858	|	0.151	|	0.349	|	5.0
233.0	|	299.0	|	2.862313081	|	9.18887301	|	-16.9439515	|	-0.85	|	-0.165	|	0.651	|	29.587	|	26.791	|	26.791	|	0.846	|	0.154	|	0.368	|	5.0
233.0	|	302.0	|	2.98111153	|	9.336841456	|	-16.82078928	|	-0.838	|	-0.123	|	0.59	|	28.299	|	28.421	|	28.421	|	0.841	|	0.177	|	0.359	|	5.0
234.0	|	302.0	|	3.100633183	|	9.498913354	|	-16.68011751	|	-0.822	|	-0.104	|	0.55	|	27.563	|	32.308	|	32.308	|	0.831	|	0.156	|	0.382	|	5.0
239.0	|	298.0	|	3.216885571	|	9.67344231	|	-16.5243006	|	-0.789	|	-0.108	|	0.56	|	26.153	|	35.819	|	35.819	|	0.838	|	0.154	|	0.366	|	5.0
252.0	|	286.0	|	3.325997581	|	9.859025934	|	-16.35437492	|	-0.773	|	-0.13	|	0.575	|	24.129	|	39.079	|	39.079	|	0.823	|	0.144	|	0.389	|	5.0
263.0	|	270.0	|	3.433801218	|	10.04785449	|	-16.18072574	|	-0.799	|	-0.137	|	0.583	|	23.455	|	40.019	|	40.019	|	0.815	|	0.149	|	0.375	|	5.0
266.0	|	268.0	|	3.540944933	|	10.23722982	|	-16.00739575	|	-0.835	|	-0.132	|	0.58	|	22.903	|	40.144	|	40.144	|	0.812	|	0.167	|	0.406	|	5.0
264.0	|	275.0	|	3.645711154	|	10.4287432	|	-15.83176002	|	-0.837	|	-0.095	|	0.573	|	21.431	|	40.646	|	40.646	|	0.823	|	0.177	|	0.396	|	5.0
267.0	|	282.0	|	3.754579636	|	10.62120383	|	-15.65348129	|	-0.85	|	-0.022	|	0.532	|	21.186	|	40.834	|	40.834	|	0.811	|	0.159	|	0.405	|	5.0
270.0	|	286.0	|	3.870130411	|	10.81440418	|	-15.47432189	|	-0.856	|	0.06	|	0.464	|	21.247	|	41.022	|	41.022	|	0.821	|	0.177	|	0.392	|	5.0
275.0	|	284.0	|	3.993359776	|	10.99908274	|	-15.30274708	|	-0.888	|	0.111	|	0.44	|	22.842	|	38.828	|	38.828	|	0.825	|	0.16	|	0.408	|	5.0
286.0	|	282.0	|	4.120001006	|	11.16782094	|	-15.14799238	|	-0.934	|	0.18	|	0.475	|	23.577	|	34.628	|	34.628	|	0.826	|	0.16	|	0.398	|	5.0
291.0	|	281.0	|	4.24325235	|	11.33383423	|	-14.99649447	|	-0.957	|	0.211	|	0.528	|	22.351	|	34.001	|	34.001	|	0.812	|	0.182	|	0.427	|	5.0
286.0	|	284.0	|	4.355193982	|	11.49247462	|	-14.85072822	|	-0.939	|	0.254	|	0.608	|	19.224	|	32.183	|	32.183	|	0.788	|	0.16	|	0.405	|	5.0
276.0	|	297.0	|	4.456611719	|	11.62958254	|	-14.72767678	|	-0.929	|	0.34	|	0.668	|	16.526	|	26.603	|	26.603	|	0.793	|	0.165	|	0.422	|	5.0
268.0	|	312.0	|	4.548010509	|	11.72931769	|	-14.64679394	|	-0.959	|	0.432	|	0.687	|	15.115	|	16.636	|	16.636	|	0.799	|	0.17	|	0.411	|	5.0
258.0	|	325.0	|	4.619635254	|	11.79665526	|	-14.60270448	|	-0.967	|	0.497	|	0.653	|	11.375	|	7.922	|	7.922	|	0.796	|	0.167	|	0.436	|	5.0
252.0	|	335.0	|	4.672676223	|	11.83875539	|	-14.58756712	|	-0.952	|	0.545	|	0.655	|	7.512	|	1.214	|	1.214	|	0.802	|	0.177	|	0.42	|	5.0
247.0	|	344.0	|	4.72093946	|	11.87525714	|	-14.57994157	|	-0.923	|	0.496	|	0.706	|	7.021	|	-0.541	|	-0.541	|	0.784	|	0.175	|	0.432	|	5.0
244.0	|	350.0	|	4.760139645	|	11.90160744	|	-14.58835198	|	-0.889	|	0.393	|	0.756	|	6.347	|	-3.864	|	-3.864	|	0.781	|	0.194	|	0.422	|	5.0
243.0	|	353.0	|	4.778823364	|	11.90795099	|	-14.62408287	|	-0.861	|	0.284	|	0.772	|	3.894	|	-10.008	|	-10.008	|	0.769	|	0.193	|	0.439	|	5.0
243.0	|	357.0	|	4.786761902	|	11.89208174	|	-14.68922347	|	-0.869	|	0.211	|	0.743	|	3.71	|	-16.527	|	-16.527	|	0.778	|	0.198	|	0.418	|	5.0
240.0	|	363.0	|	4.792057261	|	11.86003624	|	-14.77427537	|	-0.859	|	0.172	|	0.678	|	4.691	|	-21.166	|	-21.166	|	0.772	|	0.188	|	0.431	|	5.0
235.0	|	367.0	|	4.794836664	|	11.81874123	|	-14.87189556	|	-0.822	|	0.149	|	0.604	|	4.752	|	-23.799	|	-23.799	|	0.776	|	0.203	|	0.424	|	5.0
232.0	|	372.0	|	4.794834267	|	11.77007836	|	-14.97758816	|	-0.769	|	0.18	|	0.519	|	3.71	|	-25.743	|	-25.743	|	0.772	|	0.207	|	0.439	|	5.0
227.0	|	374.0	|	4.789138614	|	11.71761299	|	-15.08771967	|	-0.714	|	0.205	|	0.466	|	1.625	|	-26.62	|	-26.62	|	0.779	|	0.227	|	0.413	|	5.0
220.0	|	373.0	|	4.773553793	|	11.65954622	|	-15.20169247	|	-0.673	|	0.232	|	0.402	|	-1.196	|	-28.0	|	-28.0	|	0.782	|	0.204	|	0.443	|	5.0
210.0	|	371.0	|	4.742100662	|	11.59897563	|	-15.31910789	|	-0.62	|	0.228	|	0.311	|	-5.549	|	-28.564	|	-28.564	|	0.784	|	0.224	|	0.424	|	5.0
204.0	|	369.0	|	4.692985087	|	11.53384803	|	-15.44155046	|	-0.556	|	0.206	|	0.211	|	-9.842	|	-29.818	|	-29.818	|	0.773	|	0.216	|	0.439	|	5.0
200.0	|	365.0	|	4.63263725	|	11.46278168	|	-15.57200409	|	-0.48	|	0.161	|	0.128	|	-12.049	|	-31.573	|	-31.573	|	0.776	|	0.22	|	0.422	|	5.0
197.0	|	360.0	|	4.567187411	|	11.38594669	|	-15.71100018	|	-0.411	|	0.107	|	0.059	|	-12.233	|	-33.391	|	-33.391	|	0.772	|	0.225	|	0.434	|	5.0
197.0	|	357.0	|	4.50383531	|	11.3020748	|	-15.85863772	|	-0.331	|	0.068	|	0.022	|	-10.7	|	-35.46	|	-35.46	|	0.781	|	0.214	|	0.411	|	5.0
203.0	|	357.0	|	4.450205238	|	11.20788952	|	-16.01701698	|	-0.253	|	0.061	|	0.03	|	-8.002	|	-38.218	|	-38.218	|	0.785	|	0.206	|	0.438	|	5.0
208.0	|	356.0	|	4.410853297	|	11.09700132	|	-16.19127754	|	-0.209	|	0.088	|	0.084	|	-5.549	|	-42.168	|	-42.168	|	0.785	|	0.225	|	0.406	|	5.0
217.0	|	358.0	|	4.39511076	|	10.96670393	|	-16.37825595	|	-0.193	|	0.145	|	0.123	|	-1.625	|	-45.804	|	-45.804	|	0.791	|	0.224	|	0.424	|	5.0
223.0	|	357.0	|	4.399830044	|	10.81357155	|	-16.58141446	|	-0.179	|	0.205	|	0.119	|	2.545	|	-50.192	|	-50.192	|	0.802	|	0.204	|	0.403	|	5.0
228.0	|	357.0	|	4.410318827	|	10.64129375	|	-16.79810806	|	-0.117	|	0.197	|	0.084	|	3.342	|	-53.577	|	-53.577	|	0.79	|	0.201	|	0.417	|	5.0
232.0	|	356.0	|	4.403370072	|	10.43878943	|	-17.03211158	|	-0.025	|	0.125	|	0.037	|	-1.686	|	-57.903	|	-57.903	|	0.808	|	0.198	|	0.41	|	5.0
238.0	|	356.0	|	4.330033261	|	10.16866485	|	-17.29839004	|	0.07	|	0.032	|	-0.049	|	-11.681	|	-64.423	|	-64.423	|	0.793	|	0.219	|	0.42	|	5.0
240.0	|	352.0	|	4.194589665	|	9.855720338	|	-17.61448437	|	0.206	|	-0.046	|	-0.13	|	-17.875	|	-75.205	|	-75.205	|	0.791	|	0.203	|	0.392	|	5.0
242.0	|	352.0	|	4.09218403	|	9.520180541	|	-17.9567543	|	0.282	|	-0.084	|	-0.179	|	-7.88	|	-81.537	|	-81.537	|	0.817	|	0.206	|	0.401	|	5.0
244.0	|	357.0	|	4.049634272	|	9.135154336	|	-18.36365161	|	0.229	|	-0.14	|	-0.045	|	12.233	|	-96.395	|	-96.395	|	0.815	|	0.201	|	0.392	|	5.0
244.0	|	361.0	|	4.03871611	|	8.723196873	|	-18.85646963	|	-0.232	|	-0.399	|	0.623	|	27.809	|	-116.957	|	-116.957	|	0.814	|	0.201	|	0.396	|	5.0
248.0	|	365.0	|	4.069759232	|	8.397404915	|	-19.26334214	|	-1.212	|	-0.681	|	2.161	|	31.978	|	-98.025	|	-98.025	|	0.805	|	0.186	|	0.384	|	5.0
252.0	|	367.0	|	4.097316565	|	8.233771519	|	-19.47920655	|	-1.06	|	-0.294	|	2.538	|	22.658	|	-53.891	|	-53.891	|	0.811	|	0.209	|	0.403	|	5.0
258.0	|	368.0	|	4.031004071	|	8.115413304	|	-19.64839644	|	-0.964	|	-0.568	|	1.462	|	-2.606	|	-41.227	|	-41.227	|	0.814	|	0.212	|	0.387	|	5.0
263.0	|	370.0	|	3.976564819	|	7.967776983	|	-19.84357568	|	-1.18	|	-1.244	|	1.781	|	2.851	|	-47.057	|	-47.057	|	0.812	|	0.199	|	0.403	|	5.0
262.0	|	372.0	|	3.915651426	|	7.847162892	|	-19.99729281	|	-1.051	|	-1.367	|	2.4	|	0.337	|	-37.779	|	-37.779	|	0.832	|	0.186	|	0.385	|	5.0
261.0	|	374.0	|	3.825969866	|	7.719281262	|	-20.16341548	|	-1.168	|	-0.786	|	2.597	|	-7.88	|	-41.792	|	-41.792	|	0.809	|	0.18	|	0.408	|	5.0
262.0	|	376.0	|	3.711568087	|	7.622573815	|	-20.29948056	|	-1.24	|	-0.49	|	2.322	|	-17.078	|	-35.209	|	-35.209	|	0.817	|	0.177	|	0.387	|	5.0
265.0	|	378.0	|	3.571767988	|	7.591965513	|	-20.36102086	|	-1.354	|	-0.626	|	2.031	|	-26.153	|	-17.154	|	-17.154	|	0.826	|	0.16	|	0.403	|	5.0
270.0	|	381.0	|	3.440690827	|	7.600509979	|	-20.38038528	|	-1.419	|	-0.633	|	2.067	|	-25.662	|	-6.81	|	-6.81	|	0.82	|	0.178	|	0.373	|	5.0
273.0	|	381.0	|	3.313716159	|	7.609741097	|	-20.39454007	|	-1.345	|	-0.575	|	2.102	|	-24.681	|	-6.246	|	-6.246	|	0.831	|	0.149	|	0.389	|	5.0
277.0	|	382.0	|	3.172554215	|	7.639805185	|	-20.38620246	|	-1.219	|	-0.519	|	1.982	|	-29.096	|	-0.667	|	-0.667	|	0.818	|	0.164	|	0.375	|	5.0
280.0	|	384.0	|	3.009558798	|	7.713743471	|	-20.3265766	|	-1.136	|	-0.41	|	1.707	|	-36.945	|	11.056	|	11.056	|	0.832	|	0.125	|	0.391	|	5.0
281.0	|	386.0	|	2.837132475	|	7.822311712	|	-20.22948775	|	-1.036	|	-0.342	|	1.396	|	-41.176	|	20.021	|	20.021	|	0.843	|	0.109	|	0.375	|	5.0
284.0	|	386.0	|	2.675089601	|	7.97303371	|	-20.08416293	|	-0.857	|	-0.278	|	1.193	|	-40.195	|	31.493	|	31.493	|	0.844	|	0.094	|	0.389	|	5.0
287.0	|	387.0	|	2.53775792	|	8.150778482	|	-19.90620306	|	-0.665	|	-0.144	|	1.02	|	-35.964	|	38.577	|	38.577	|	0.859	|	0.078	|	0.37	|	5.0
287.0	|	389.0	|	2.421927173	|	8.332400832	|	-19.71865813	|	-0.495	|	-0.071	|	0.864	|	-31.242	|	40.019	|	40.019	|	0.841	|	0.053	|	0.377	|	5.0
288.0	|	390.0	|	2.334733556	|	8.509093651	|	-19.53337419	|	-0.397	|	-0.087	|	0.76	|	-23.271	|	39.329	|	39.329	|	0.858	|	0.049	|	0.359	|	5.0
289.0	|	392.0	|	2.280791953	|	8.661608873	|	-19.37165017	|	-0.342	|	-0.093	|	0.719	|	-13.398	|	33.499	|	33.499	|	0.873	|	0.049	|	0.368	|	5.0
289.0	|	392.0	|	2.255347234	|	8.820683734	|	-19.21008734	|	-0.361	|	-0.058	|	0.581	|	-7.634	|	33.75	|	33.75	|	0.862	|	0.029	|	0.361	|	5.0
290.0	|	391.0	|	2.273094945	|	9.035886049	|	-18.99884761	|	-0.402	|	-0.035	|	0.367	|	-0.46	|	47.04	|	47.04	|	0.87	|	0.016	|	0.352	|	5.0
287.0	|	390.0	|	2.334636013	|	9.300596249	|	-18.73871384	|	-0.385	|	0.053	|	0.143	|	5.243	|	59.453	|	59.453	|	0.864	|	0.013	|	0.354	|	5.0
284.0	|	388.0	|	2.42182944	|	9.531248078	|	-18.50850886	|	-0.337	|	0.209	|	-0.029	|	8.125	|	51.679	|	51.679	|	0.852	|	0.008	|	0.361	|	5.0
279.0	|	387.0	|	2.52262149	|	9.746424893	|	-18.28319794	|	-0.307	|	0.366	|	-0.124	|	8.922	|	49.861	|	49.861	|	0.856	|	0.005	|	0.345	|	5.0
274.0	|	387.0	|	2.63754641	|	9.944710326	|	-18.06987102	|	-0.278	|	0.421	|	-0.09	|	12.111	|	46.539	|	46.539	|	0.867	|	-0.013	|	0.372	|	5.0
272.0	|	387.0	|	2.715777699	|	10.14892935	|	-17.86205428	|	-0.483	|	0.267	|	0.281	|	6.898	|	45.034	|	45.034	|	0.865	|	-0.015	|	0.354	|	5.0
274.0	|	384.0	|	2.813131636	|	10.41878434	|	-17.57285644	|	-0.718	|	0.341	|	0.865	|	9.229	|	63.214	|	63.214	|	0.865	|	-0.003	|	0.366	|	5.0
277.0	|	379.0	|	2.994461755	|	10.71010836	|	-17.24724746	|	-0.854	|	0.414	|	1.467	|	29.403	|	70.361	|	70.361	|	0.849	|	-0.002	|	0.358	|	5.0
274.0	|	368.0	|	3.187160502	|	10.99289666	|	-16.90758805	|	-0.537	|	0.61	|	1.423	|	27.502	|	72.43	|	72.43	|	0.87	|	0.006	|	0.368	|	5.0
277.0	|	355.0	|	3.354197944	|	11.23153569	|	-16.62703895	|	-0.457	|	0.706	|	0.767	|	20.941	|	60.205	|	60.205	|	0.865	|	0.0	|	0.37	|	5.0
283.0	|	345.0	|	3.456817702	|	11.48877628	|	-16.34476913	|	-0.618	|	0.45	|	0.553	|	7.021	|	61.271	|	61.271	|	0.861	|	-0.01	|	0.372	|	5.0
288.0	|	342.0	|	3.566169271	|	11.78157957	|	-16.01047948	|	-0.667	|	0.553	|	0.959	|	5.365	|	72.367	|	72.367	|	0.849	|	0.006	|	0.368	|	5.0
289.0	|	343.0	|	3.661069459	|	12.05300537	|	-15.68113452	|	-0.597	|	0.646	|	1.425	|	0.95	|	69.546	|	69.546	|	0.852	|	0.021	|	0.37	|	5.0
292.0	|	343.0	|	3.676785062	|	12.28046788	|	-15.41050366	|	-0.757	|	0.532	|	1.57	|	-14.196	|	55.504	|	55.504	|	0.843	|	0.019	|	0.373	|	5.0
305.0	|	340.0	|	3.671984784	|	12.50449596	|	-15.15843391	|	-0.964	|	0.464	|	1.467	|	-17.323	|	52.369	|	52.369	|	0.858	|	0.01	|	0.37	|	5.0
318.0	|	345.0	|	3.70476659	|	12.7168646	|	-14.91942613	|	-0.978	|	0.69	|	1.356	|	-9.903	|	49.861	|	49.861	|	0.855	|	0.026	|	0.37	|	5.0
332.0	|	350.0	|	3.76272423	|	12.91234674	|	-14.69323365	|	-0.885	|	0.869	|	1.4	|	-4.936	|	46.915	|	46.915	|	0.852	|	0.05	|	0.378	|	5.0
342.0	|	356.0	|	3.855525342	|	13.12229964	|	-14.45105575	|	-0.937	|	0.761	|	1.617	|	3.649	|	50.363	|	50.363	|	0.85	|	0.066	|	0.356	|	5.0
347.0	|	358.0	|	3.969434048	|	13.31166828	|	-14.23735641	|	-0.955	|	0.594	|	1.715	|	11.865	|	43.655	|	43.655	|	0.841	|	0.088	|	0.373	|	5.0
360.0	|	352.0	|	4.054192794	|	13.44940196	|	-14.08494478	|	-0.884	|	0.492	|	1.627	|	8.554	|	29.174	|	29.174	|	0.85	|	0.092	|	0.37	|	5.0
380.0	|	336.0	|	4.108643769	|	13.54526997	|	-13.99238685	|	-0.856	|	0.385	|	1.369	|	5.059	|	16.385	|	16.385	|	0.859	|	0.112	|	0.372	|	5.0
400.0	|	319.0	|	4.154020694	|	13.60003591	|	-13.95961131	|	-0.877	|	0.344	|	1.02	|	6.408	|	4.16	|	4.16	|	0.829	|	0.133	|	0.37	|	5.0
398.0	|	317.0	|	4.19031055	|	13.61111918	|	-13.98373354	|	-0.842	|	0.299	|	0.664	|	7.696	|	-8.252	|	-8.252	|	0.847	|	0.143	|	0.377	|	5.0
396.0	|	316.0	|	4.21542465	|	13.59441996	|	-14.04505085	|	-0.72	|	0.205	|	0.322	|	7.696	|	-16.277	|	-16.277	|	0.835	|	0.147	|	0.37	|	5.0
398.0	|	314.0	|	4.259223731	|	13.57457705	|	-14.11484093	|	-0.606	|	0.086	|	0.03	|	14.318	|	-17.53	|	-17.53	|	0.847	|	0.164	|	0.38	|	5.0
397.0	|	314.0	|	4.368743532	|	13.57308391	|	-14.16744381	|	-0.428	|	-0.102	|	-0.076	|	33.879	|	-12.327	|	-12.327	|	0.843	|	0.193	|	0.384	|	5.0
398.0	|	316.0	|	4.550077869	|	13.59595739	|	-14.1850268	|	-0.285	|	-0.251	|	-0.084	|	54.728	|	-3.174	|	-3.174	|	0.825	|	0.19	|	0.372	|	5.0
397.0	|	317.0	|	4.692358951	|	13.58574381	|	-14.23856672	|	-0.241	|	-0.253	|	0.034	|	48.105	|	-11.136	|	-11.136	|	0.828	|	0.198	|	0.37	|	5.0
396.0	|	319.0	|	4.724698683	|	13.48495526	|	-14.41184778	|	-0.275	|	-0.073	|	0.21	|	23.087	|	-39.597	|	-39.597	|	0.829	|	0.222	|	0.373	|	5.0
398.0	|	322.0	|	4.698781622	|	13.32283468	|	-14.64894848	|	-0.44	|	0.207	|	0.25	|	2.729	|	-56.336	|	-56.336	|	0.821	|	0.222	|	0.372	|	5.0
401.0	|	324.0	|	4.672744462	|	13.12027694	|	-14.91102231	|	-0.438	|	0.714	|	-0.008	|	-0.766	|	-62.918	|	-62.918	|	0.823	|	0.24	|	0.375	|	5.0
405.0	|	327.0	|	4.658929935	|	12.88311154	|	-15.20165214	|	-0.3	|	1.224	|	-0.353	|	2.545	|	-69.689	|	-69.689	|	0.784	|	0.248	|	0.385	|	5.0
408.0	|	329.0	|	4.594149997	|	12.60569248	|	-15.5394496	|	-0.225	|	1.124	|	-0.457	|	-8.248	|	-80.659	|	-80.659	|	0.8	|	0.258	|	0.366	|	5.0
407.0	|	332.0	|	4.487394189	|	12.34325004	|	-15.88225292	|	-0.215	|	0.323	|	-0.627	|	-16.464	|	-81.6	|	-81.6	|	0.796	|	0.253	|	0.375	|	5.0
404.0	|	336.0	|	4.431027111	|	12.24828134	|	-16.04575064	|	-0.568	|	-0.419	|	-0.369	|	0.337	|	-37.027	|	-37.027	|	0.799	|	0.263	|	0.385	|	5.0
402.0	|	341.0	|	4.371416809	|	12.06871649	|	-16.29453635	|	-0.584	|	-0.844	|	0.197	|	7.757	|	-56.524	|	-56.524	|	0.808	|	0.238	|	0.377	|	5.0
401.0	|	346.0	|	4.212944953	|	11.73496344	|	-16.71306992	|	-0.502	|	-1.226	|	0.613	|	-7.634	|	-96.144	|	-96.144	|	0.82	|	0.243	|	0.361	|	5.0
406.0	|	349.0	|	4.026459165	|	11.39620106	|	-17.13823208	|	-0.911	|	-1.375	|	1.224	|	-15.483	|	-98.651	|	-98.651	|	0.817	|	0.222	|	0.368	|	5.0
407.0	|	353.0	|	3.80356998	|	11.11830845	|	-17.49022091	|	-1.036	|	-1.065	|	1.667	|	-29.464	|	-82.54	|	-82.54	|	0.812	|	0.207	|	0.361	|	5.0
406.0	|	358.0	|	3.621120981	|	10.93323829	|	-17.73986626	|	-1.141	|	-0.817	|	1.403	|	-25.908	|	-58.906	|	-58.906	|	0.831	|	0.217	|	0.356	|	5.0
404.0	|	362.0	|	3.452113585	|	10.75464963	|	-17.98129536	|	-1.203	|	-0.912	|	1.28	|	-23.148	|	-57.025	|	-57.025	|	0.82	|	0.219	|	0.347	|	5.0
401.0	|	367.0	|	3.299685759	|	10.5637561	|	-18.22991178	|	-1.223	|	-1.07	|	1.584	|	-17.997	|	-59.219	|	-59.219	|	0.834	|	0.204	|	0.352	|	5.0
403.0	|	370.0	|	3.153235436	|	10.34891249	|	-18.50575316	|	-1.267	|	-0.978	|	1.685	|	-15.79	|	-66.053	|	-66.053	|	0.844	|	0.211	|	0.345	|	5.0
405.0	|	373.0	|	3.013084725	|	10.19178621	|	-18.71632067	|	-1.221	|	-0.852	|	1.393	|	-17.936	|	-50.882	|	-50.882	|	0.843	|	0.199	|	0.342	|	5.0
404.0	|	374.0	|	2.88889842	|	10.11119811	|	-18.83834393	|	-1.198	|	-0.956	|	1.264	|	-17.629	|	-29.692	|	-29.692	|	0.843	|	0.194	|	0.335	|	5.0
403.0	|	374.0	|	2.769518058	|	10.07699626	|	-18.90382714	|	-1.179	|	-1.022	|	1.46	|	-18.488	|	-16.465	|	-16.465	|	0.846	|	0.178	|	0.335	|	5.0
401.0	|	373.0	|	2.655791218	|	10.03999592	|	-18.96848636	|	-1.051	|	-0.939	|	1.568	|	-16.771	|	-16.653	|	-16.653	|	0.871	|	0.172	|	0.332	|	5.0
403.0	|	375.0	|	2.567542959	|	9.983808391	|	-19.05202409	|	-0.881	|	-0.78	|	1.548	|	-9.229	|	-21.417	|	-21.417	|	0.858	|	0.175	|	0.326	|	5.0
407.0	|	377.0	|	2.494008365	|	9.896802075	|	-19.16322286	|	-0.698	|	-0.506	|	1.401	|	-4.63	|	-29.63	|	-29.63	|	0.882	|	0.135	|	0.321	|	5.0
409.0	|	379.0	|	2.427375313	|	9.835931241	|	-19.24697437	|	-0.513	|	-0.113	|	1.029	|	-7.266	|	-24.991	|	-24.991	|	0.882	|	0.135	|	0.326	|	5.0
408.0	|	377.0	|	2.411454408	|	9.87466924	|	-19.22912942	|	-0.426	|	0.138	|	0.486	|	-6.898	|	-0.291	|	-0.291	|	0.884	|	0.118	|	0.323	|	5.0
405.0	|	368.0	|	2.470956119	|	10.05000619	|	-19.0644084	|	-0.336	|	0.176	|	0.006	|	3.587	|	36.508	|	36.508	|	0.882	|	0.1	|	0.326	|	5.0
400.0	|	357.0	|	2.559718618	|	10.33716119	|	-18.78175066	|	-0.218	|	0.015	|	-0.174	|	9.903	|	65.409	|	65.409	|	0.884	|	0.099	|	0.311	|	5.0
381.0	|	342.0	|	2.648745837	|	10.64441468	|	-18.47293978	|	-0.178	|	-0.131	|	-0.021	|	15.606	|	73.245	|	73.245	|	0.884	|	0.099	|	0.325	|	5.0
355.0	|	331.0	|	2.770188349	|	10.94529114	|	-18.14638573	|	-0.112	|	-0.207	|	0.193	|	26.276	|	77.382	|	77.382	|	0.877	|	0.097	|	0.326	|	5.0
335.0	|	330.0	|	2.854031026	|	11.21692608	|	-17.84018125	|	-0.057	|	-0.18	|	0.189	|	17.629	|	72.116	|	72.116	|	0.877	|	0.076	|	0.342	|	5.0
330.0	|	335.0	|	2.889105708	|	11.50677408	|	-17.55017104	|	-0.176	|	-0.08	|	-0.003	|	-0.153	|	67.791	|	67.791	|	0.871	|	0.068	|	0.339	|	5.0
328.0	|	337.0	|	2.919581783	|	11.79163742	|	-17.26246185	|	-0.422	|	0.103	|	-0.309	|	-8.615	|	65.534	|	65.534	|	0.87	|	0.065	|	0.345	|	5.0
329.0	|	338.0	|	2.964798978	|	12.08279367	|	-16.9544113	|	-0.447	|	0.351	|	-0.623	|	-9.658	|	68.982	|	68.982	|	0.877	|	0.047	|	0.323	|	5.0
334.0	|	338.0	|	2.97543906	|	12.38632675	|	-16.62027701	|	-0.264	|	0.414	|	-0.617	|	-22.351	|	74.373	|	74.373	|	0.861	|	0.045	|	0.344	|	5.0
341.0	|	340.0	|	2.950713271	|	12.74953851	|	-16.19330017	|	0.008	|	0.256	|	-0.279	|	-39.827	|	96.127	|	96.127	|	0.868	|	0.073	|	0.328	|	5.0
346.0	|	340.0	|	2.867507051	|	13.11984591	|	-15.8113104	|	-0.316	|	-0.047	|	0.115	|	-40.195	|	88.667	|	88.667	|	0.88	|	0.068	|	0.332	|	5.0
351.0	|	342.0	|	2.889619736	|	13.38578871	|	-15.54732337	|	-0.965	|	-0.046	|	0.38	|	-8.002	|	60.268	|	60.268	|	0.879	|	0.065	|	0.323	|	5.0
356.0	|	345.0	|	2.990137589	|	13.63522488	|	-15.29340513	|	-0.806	|	0.205	|	0.585	|	9.045	|	56.319	|	56.319	|	0.87	|	0.062	|	0.328	|	5.0
359.0	|	349.0	|	3.032973433	|	13.95999432	|	-14.93171432	|	-0.821	|	0.476	|	1.231	|	-15.851	|	79.326	|	79.326	|	0.894	|	0.07	|	0.319	|	5.0
362.0	|	352.0	|	3.078081405	|	14.33544792	|	-14.49659376	|	-0.985	|	0.611	|	2.027	|	-20.205	|	94.81	|	94.81	|	0.888	|	0.065	|	0.34	|	5.0
366.0	|	352.0	|	3.062673769	|	14.67476112	|	-14.10847099	|	-0.968	|	0.714	|	1.627	|	-34.86	|	84.78	|	84.78	|	0.888	|	0.063	|	0.326	|	5.0
373.0	|	353.0	|	3.065915431	|	14.94396337	|	-13.81117557	|	-1.172	|	0.776	|	1.354	|	-24.191	|	64.406	|	64.406	|	0.873	|	0.049	|	0.326	|	5.0
380.0	|	355.0	|	3.098225636	|	15.18465349	|	-13.55156742	|	-1.167	|	0.748	|	1.213	|	-14.809	|	56.319	|	56.319	|	0.874	|	0.083	|	0.316	|	5.0
385.0	|	355.0	|	3.155292327	|	15.35627498	|	-13.3694255	|	-1.148	|	0.679	|	1.409	|	-3.097	|	37.637	|	37.637	|	0.874	|	0.081	|	0.323	|	5.0
385.0	|	357.0	|	3.215662081	|	15.49765639	|	-13.21815184	|	-1.062	|	0.646	|	1.56	|	-0.644	|	29.989	|	29.989	|	0.89	|	0.094	|	0.313	|	5.0
381.0	|	358.0	|	3.259843486	|	15.61670161	|	-13.09011798	|	-1.033	|	0.804	|	1.43	|	-4.568	|	24.848	|	24.848	|	0.877	|	0.099	|	0.323	|	5.0
375.0	|	358.0	|	3.300327689	|	15.69954797	|	-13.01499628	|	-1.103	|	0.688	|	1.227	|	-1.012	|	13.564	|	13.564	|	0.87	|	0.123	|	0.3	|	5.0
370.0	|	358.0	|	3.317252739	|	15.71053559	|	-13.03044653	|	-1.054	|	0.448	|	1.122	|	1.257	|	-7.312	|	-7.312	|	0.87	|	0.118	|	0.325	|	5.0
364.0	|	359.0	|	3.276666888	|	15.65460679	|	-13.13148475	|	-0.966	|	0.273	|	0.984	|	-5.979	|	-26.37	|	-26.37	|	0.874	|	0.141	|	0.311	|	5.0
362.0	|	360.0	|	3.206280373	|	15.55742818	|	-13.28319325	|	-0.841	|	0.128	|	0.823	|	-8.186	|	-37.967	|	-37.967	|	0.871	|	0.13	|	0.318	|	5.0
364.0	|	361.0	|	3.139631726	|	15.46619378	|	-13.43441534	|	-0.698	|	-0.121	|	0.682	|	-2.851	|	-35.961	|	-35.961	|	0.877	|	0.164	|	0.319	|	5.0
369.0	|	362.0	|	3.068595186	|	15.37751956	|	-13.57897904	|	-0.58	|	-0.367	|	0.482	|	-0.705	|	-32.89	|	-32.89	|	0.859	|	0.175	|	0.318	|	5.0
377.0	|	364.0	|	2.971808796	|	15.28282385	|	-13.73033722	|	-0.526	|	-0.416	|	0.223	|	-6.776	|	-34.331	|	-34.331	|	0.865	|	0.175	|	0.297	|	5.0
383.0	|	364.0	|	2.834629368	|	15.17914942	|	-13.89626449	|	-0.464	|	-0.294	|	-0.086	|	-18.059	|	-38.155	|	-38.155	|	0.876	|	0.188	|	0.321	|	5.0
387.0	|	365.0	|	2.655512572	|	15.06121951	|	-14.08108097	|	-0.381	|	-0.155	|	-0.339	|	-30.261	|	-43.108	|	-43.108	|	0.856	|	0.214	|	0.299	|	5.0
389.0	|	365.0	|	2.445254335	|	14.93642827	|	-14.26982251	|	-0.332	|	-0.018	|	-0.554	|	-41.299	|	-45.302	|	-45.302	|	0.852	|	0.204	|	0.302	|	5.0
387.0	|	365.0	|	2.224773253	|	14.82116363	|	-14.4393353	|	-0.307	|	0.176	|	-0.745	|	-49.516	|	-41.666	|	-41.666	|	0.87	|	0.23	|	0.281	|	5.0
384.0	|	364.0	|	2.014468092	|	14.73053495	|	-14.5742572	|	-0.339	|	0.343	|	-0.876	|	-51.233	|	-33.83	|	-33.83	|	0.87	|	0.246	|	0.292	|	5.0
383.0	|	364.0	|	1.845526019	|	14.65990453	|	-14.6853362	|	-0.326	|	0.334	|	-0.869	|	-42.157	|	-28.439	|